100
100
 87  16     21  13     44  45     15  39     13  48     47  49
 31  29     90  66     24  75     44  87     88  98     17  46
 45   6     90  24     15  20     55  58     86  38     82  54
  9  58     24  41     97  21     72  19      5  85     32  59
 96   4     92  42     22  44     24  83     78  63     91  57
 58   2     33  49     53  15     14  89     22  76     15  40
 23  34     52  24      3  75     35  21     36  62     44  64
 58  26     89  28     63  56     70  33     33  79     33  24
  1  19     60  62      8  34     17  38     21  68     65  21
 94  13     58  59      1  46     19  61     89  80     26  42
 10  93     51   4     25  21      4  18     16  50     75  69
 38  22     68   5     30  52     91  76     74  16     21  67
 84  81     81  48     72  78     83  66     27  21     42  62
  5  73     58  21      1  44     22  98     13   7     24  71
 44  28     13  77     57  31     43  33     90  95     54  51
 53  52     21  93     51  49     32  13     44  12     37  28
  0  39      5  99     16  11     64   8

